Front strip	best dE match 	2nd best	3rd best
detA
1		130		129		131
2		130		131
3		132		131
4		133		132
5		133		134
6		134		135
7		135		136
8		136		135		137
9		137		136		138
10		138		137		139
11		139		138
12		140		139
13		140		141
14		142		141		
15		142		143
16		143		144
detB
33		145		146
34		146		147
35		147		146		148
36		148		147
37		149		148	
38		150		149
39		151		150
40		152		151
41		153		152
42		154		153
43		155		154
44		156		155
45		157		156
46		157		158
47		158		159
48		159		160
detC
65		162		163		161
66		164		163		162
67		164		165
68		165		166
69		166		167
70		167		166		168
71		168		167
72		169		168
73		170		169
74		171		170
75		171		172
76		172		173
77		173		174
78		174		175
79		175		176		174
80		176		175
detD
97		178		177
98		178		179
99		179		180
100		180		181
101		181		182		180
102		182		183		181
103		183		182		184
104		184		183
105		185		184
106		186		185
107		187		186
108		187		188
109		188		189
110		189		190
111		190		191		189
112		191		190		192

