Front	M1	M2	M3
1	130	129
2	131	130
3	132	131
4	132	133
5	133	134
6	134	135
7	135	136
8	136	137	135
9	137	136	138
10	138	137
11	139	138
12	140	139
13	140	141
14	142	141
15	142	143
16	143	144
33	145	146
34	146	147
35	147	148	146
36	148	147	149
37	149	148	150
38	150	149
39	151	150
40	152	151
41	153	152
42	154	153
43	155	154
44	155	156
45	156	157
46	157	158
47	158	159
48	159	160	163
65	162	163
66	163	164	162
67	164	165	163
68	165	166	164
69	166	165	167
70	167	166	168
71	168	167
72	169	168
73	170	169
74	171	170
75	172	171
76	172	173
77	173	174
78	174	175
79	175	176
80	176	175
97	178	177
98	178	179
99	179	180
100	180	181
101	181	182
102	182	181	183
103	183	182
104	184	183
105	185	184
106	186	185
107	187	186
108	187	188
109	188	189
110	189	190
111	190	191
112	191	190	192
