33	1.0398724296099027	0.09476445353166067
34	1.0332201300161123	0.13998988125486048
35	1.0336453747754333	0.1109679865303915
36	1.025694003865272	0.05179109288552524
37	1.0426211641122325	0.10115843551901367
38	1.0520896579573864	0.08943075681546861
39	1.0541487891613053	0.06167202366589835
40	1.057904029509017	0.017543430694537097
41	1.0462754672782275	-4.3928419810531245e-05
42	1.0461974855853837	0.017590698281091
43	1.0380643556933051	0.03291667873892199
44	1.0312819905390662	-0.054139345845133385
45	1.030785828001838	0.00832436658896746
46	1.0301400254801794	0.01835868475369079
47	1.0321767367794468	0.09867742952005241
48	1.0328861053494593	0.09067361367486836
65	1.02604730948474	0.19933118692828958
66	1.0316226383172022	0.23704020193304282
67	1.02133132899695	0.2058616886366676
68	1.0071981883336985	0.17342258074833478
69	1.0044426444249792	0.15959923105285964
70	1.0043447719160128	0.15443857642763073
71	1.0006550208108036	0.09812914366365974
72	1.0108201230017435	0.10340692787409697
73	1.0168037402983667	0.0452804157400927
74	1.0072166346453888	0.016161264625823877
75	1.0216893131685587	-0.04509429410816013
76	1.0202069756921572	0.12143738791120191
77	1.0166049684099938	0.10939090387538919
78	1.0173837809978743	0.13088299412252732
79	0.9889679821616733	0.06549773668255714
80	0.993106890904108	0.06942970693469852
