33	1.0404127966615058	0.21805873768321907
34	1.0327412252125685	0.2374562900489875
35	1.03451834497656	0.1999989466128399
36	1.027125417246496	0.12385895942039449
37	1.0452545261029929	0.15841376698750056
38	1.0526040739448594	0.13257938510195608
39	1.0549617283908177	0.09086557724543666
40	1.0580951978035522	0.03628853165246682
41	1.0468834526840765	0.005051842434390252
42	1.0472980752351557	0.012130316302021526
43	1.0388731931777047	0.018402655109726343
44	1.0306534299553014	-0.07771969314389865
45	1.032124584306852	-0.03123266061645024
46	1.031811529622542	-0.028237981970280022
47	1.034341490350022	0.03953241704713079
48	1.0351321853544133	0.023952251135544063
65	1.0273683345554854	0.1069955889161847
66	1.0353669921054827	0.16182521329048322
67	1.0234878862773045	0.14044401977939605
68	1.0091337289673454	0.12036149066605495
69	1.0074483519492086	0.11390346224319403
70	1.0056322010598455	0.12087365778983367
71	1.0029076298433701	0.08050604498518486
72	1.0105561820983149	0.09854839759334776
73	1.0182814906279847	0.06723652953972524
74	1.0116268409893987	0.06355909338775922
75	1.0246554661065816	0.027674799347007447
76	1.0256007958841888	0.20265585969417438
77	1.0212043488756564	0.19650086520856758
78	1.0130190120477889	0.22191741605029253
79	0.9953732032450272	0.19029376584052607
80	0.9980708672258841	0.18102945164760767
